date,confirmed_cases,total_tests,new_confirmed_cases,new_tests,new_confirmed_cases_seven_day_total,new_tests_seven_day_total,positive_test_rate_seven_day_percent
2020-01-25,0,,,,,,
2020-01-26,2,,2.0,,,,
2020-01-27,2,,0.0,,,,
2020-01-28,2,,0.0,,,,
2020-01-29,2,,0.0,,,,
2020-01-30,2,,0.0,,,,
2020-01-31,3,,1.0,,,,
2020-02-01,3,,0.0,,3.0,,
2020-02-02,6,,3.0,,4.0,,
2020-02-03,6,,0.0,,4.0,,
2020-02-04,6,,0.0,,4.0,,
2020-02-05,6,,0.0,,4.0,,
2020-02-06,6,,0.0,,4.0,,
2020-02-07,6,,0.0,,3.0,,
2020-02-08,6,,0.0,,3.0,,
2020-02-09,6,,0.0,,0.0,,
2020-02-10,6,,0.0,,0.0,,
2020-02-11,6,,0.0,,0.0,,
2020-02-12,6,,0.0,,0.0,,
2020-02-13,6,,0.0,,0.0,,
2020-02-14,6,,0.0,,0.0,,
2020-02-15,6,,0.0,,0.0,,
2020-02-16,6,,0.0,,0.0,,
2020-02-17,6,,0.0,,0.0,,
2020-02-18,6,,0.0,,0.0,,
2020-02-19,6,,0.0,,0.0,,
2020-02-20,6,,0.0,,0.0,,
2020-02-21,6,,0.0,,0.0,,
2020-02-22,6,,0.0,,0.0,,
2020-02-23,6,,0.0,,0.0,,
2020-02-24,6,,0.0,,0.0,,
2020-02-25,6,,0.0,,0.0,,
2020-02-26,9,,3.0,,3.0,,
2020-02-27,9,,0.0,,3.0,,
2020-02-28,9,,0.0,,3.0,,
2020-02-29,9,,0.0,,3.0,,
2020-03-01,9,,0.0,,3.0,,
2020-03-02,43,,34.0,,37.0,,
2020-03-03,43,,0.0,,37.0,,
2020-03-04,53,,10.0,,44.0,,
2020-03-05,60,,7.0,,51.0,,
2020-03-06,69,,9.0,,60.0,,
2020-03-07,88,,19.0,,79.0,,
2020-03-08,114,,26.0,,105.0,,
2020-03-09,133,,19.0,,90.0,,
2020-03-10,157,,24.0,,114.0,,
2020-03-11,177,,20.0,,124.0,,
2020-03-12,198,,21.0,,138.0,,
2020-03-13,247,,49.0,,178.0,,
2020-03-14,288,,41.0,,200.0,,
2020-03-15,335,,47.0,,221.0,,
2020-03-16,392,,57.0,,259.0,,
2020-03-17,472,,80.0,,315.0,,
2020-03-18,598,,126.0,,421.0,,
2020-03-19,675,16900.0,77.0,,477.0,,
2020-03-20,1006,23200.0,331.0,6300.0,759.0,,
2020-03-21,1224,25200.0,218.0,2000.0,936.0,,
2020-03-22,1468,26200.0,244.0,1000.0,1133.0,,
2020-03-23,1733,26400.0,265.0,200.0,1341.0,,
2020-03-24,2102,27650.0,369.0,1250.0,1630.0,,
2020-03-25,2535,66800.0,433.0,39150.0,1937.0,,
2020-03-26,3006,77800.0,471.0,11000.0,2331.0,60900.0,0.038276
2020-03-27,3801,88400.0,795.0,10600.0,2795.0,65200.0,0.042868
2020-03-28,4643,89600.0,842.0,1200.0,3419.0,64400.0,0.05309
2020-03-30,5763,83800.0,1120.0,-5800.0,4295.0,57600.0,0.074566
2020-03-31,6932,86100.0,1169.0,2300.0,5199.0,59700.0,0.087085
2020-04-01,8155,90100.0,1223.0,4000.0,6053.0,62450.0,0.096926
2020-04-02,9191,92500.0,1036.0,2400.0,6656.0,25700.0,0.258988
2020-04-03,10701,94800.0,1510.0,2300.0,7695.0,17000.0,0.452647
2020-04-04,12026,126700.0,1325.0,31900.0,8225.0,38300.0,0.214752
2020-04-05,13438,131500.0,1412.0,4800.0,8795.0,41900.0,0.209905
2020-04-06,14336,143800.0,898.0,12300.0,8573.0,60000.0,0.142883
2020-04-07,15865,157800.0,1529.0,14000.0,8933.0,71700.0,0.124589
2020-04-08,16957,168800.0,1092.0,11000.0,8802.0,78700.0,0.111842
2020-04-09,18309,177600.0,1352.0,8800.0,9118.0,85100.0,0.107145
2020-04-10,19472,185300.0,1163.0,7700.0,8771.0,90500.0,0.096917
2020-04-11,20615,196200.0,1143.0,10900.0,8589.0,69500.0,0.123583
2020-04-12,21794,203400.0,1179.0,7200.0,8356.0,71900.0,0.116217
2020-04-13,22348,212900.0,554.0,9500.0,8012.0,69100.0,0.115948
2020-04-14,23338,215400.0,990.0,2500.0,7473.0,57600.0,0.12974
2020-04-15,24424,227600.0,1086.0,12200.0,7467.0,58800.0,0.12699
2020-04-16,26182,246400.0,1758.0,18800.0,7873.0,68800.0,0.114433
2020-04-17,27528,258800.0,1346.0,12400.0,8056.0,73500.0,0.109605
2020-04-18,28963,266900.0,1435.0,8100.0,8348.0,70700.0,0.118076
2020-04-19,30333,280900.0,1370.0,14000.0,8539.0,77500.0,0.110181
2020-04-20,30978,290500.0,645.0,9600.0,8630.0,77600.0,0.111211
2020-04-21,33261,300100.0,2283.0,9600.0,9923.0,84700.0,0.117155
2020-04-22,35396,308700.0,2135.0,8600.0,10972.0,81100.0,0.13529
2020-04-23,37369,482097.0,1973.0,173397.0,11187.0,235697.0,0.047463
2020-04-24,39254,494173.0,1885.0,12076.0,11726.0,235373.0,0.049819
2020-04-25,41137,506035.0,1883.0,11862.0,12174.0,239135.0,0.050908
2020-04-26,42164,526084.0,1027.0,20049.0,11831.0,245184.0,0.048254
2020-04-27,43464,553409.0,1300.0,27325.0,12486.0,262909.0,0.047492
2020-04-28,45031,577608.0,1567.0,24199.0,11770.0,277508.0,0.042413
2020-04-29,46500,603139.0,1469.0,25531.0,11104.0,294439.0,0.037712
2020-04-30,48917,625337.0,2417.0,22198.0,11548.0,143240.0,0.08062
2020-05-01,50442,654985.0,1525.0,29648.0,11188.0,160812.0,0.069572
2020-05-02,52197,685048.0,1755.0,30063.0,11060.0,179013.0,0.061783
2020-05-03,53616,715751.0,1419.0,30703.0,11452.0,189667.0,0.06038
2020-05-04,54937,747874.0,1321.0,32123.0,11473.0,194465.0,0.058998
2020-05-05,56212,779902.0,1275.0,32028.0,11181.0,202294.0,0.055271
2020-05-06,58815,809036.0,2603.0,29134.0,12315.0,205897.0,0.059811
2020-05-07,60614,842874.0,1799.0,33838.0,11697.0,217537.0,0.05377
2020-05-08,62512,875272.0,1898.0,32398.0,12070.0,220287.0,0.054792
2020-05-09,64561,912570.0,2049.0,37298.0,12364.0,227522.0,0.054342
2020-05-10,66680,955664.0,2119.0,43094.0,13064.0,239913.0,0.054453
2020-05-11,67939,991897.0,1259.0,36233.0,13002.0,244023.0,0.053282
2020-05-12,69382,1033370.0,1443.0,41473.0,13170.0,253468.0,0.051959
2020-05-13,71141,1065592.0,1759.0,32222.0,12326.0,256556.0,0.048044
2020-05-14,73164,1104651.0,2023.0,39059.0,12550.0,261777.0,0.047942
2020-05-15,74936,1133906.0,1772.0,29255.0,12424.0,258634.0,0.048037
2020-05-16,76793,1179126.0,1857.0,45220.0,12232.0,266556.0,0.045889
2020-05-17,78839,1235243.0,2046.0,56117.0,12159.0,279579.0,0.04349
2020-05-18,80430,1292672.0,1591.0,57429.0,12491.0,300775.0,0.041529
2020-05-19,81795,1339316.0,1365.0,46644.0,12413.0,305946.0,0.040573
2020-05-20,84057,1380120.0,2262.0,40804.0,12916.0,314528.0,0.041065
2020-05-21,86197,1421127.0,2140.0,41007.0,13033.0,316476.0,0.041182
2020-05-22,88444,1466773.0,2247.0,45646.0,13508.0,332867.0,0.040581
2020-05-23,90631,1515306.0,2187.0,48533.0,13838.0,336180.0,0.041162
2020-05-24,92710,1582745.0,2079.0,67439.0,13871.0,347502.0,0.039916
2020-05-25,94558,1644102.0,1848.0,61357.0,14128.0,351430.0,0.040201
2020-05-26,96733,1696396.0,2175.0,52294.0,14938.0,357080.0,0.041834
2020-05-27,98980,1736894.0,2247.0,40498.0,14923.0,356774.0,0.041828
2020-05-28,101697,1790559.0,2717.0,53665.0,15500.0,369432.0,0.041956
2020-05-29,103886,1835478.0,2189.0,44919.0,15442.0,368705.0,0.041882
2020-05-30,106878,1888595.0,2992.0,53117.0,16247.0,373289.0,0.043524
2020-05-31,110583,1944848.0,3705.0,56253.0,17873.0,362103.0,0.049359
2020-06-01,113006,2012583.0,2423.0,67735.0,18448.0,368481.0,0.050065
2020-06-02,115310,2071591.0,2304.0,59008.0,18577.0,375195.0,0.049513
2020-06-03,117687,2131294.0,2377.0,59703.0,18707.0,394400.0,0.047432
2020-06-04,119807,2182671.0,2120.0,51377.0,18110.0,392112.0,0.046186
2020-06-05,122901,2238463.0,3094.0,55792.0,19015.0,402985.0,0.047185
2020-06-06,126016,2308300.0,3115.0,69837.0,19138.0,419705.0,0.045599
2020-06-07,128812,2362218.0,2796.0,53918.0,18229.0,417370.0,0.043676
2020-06-08,131319,2431190.0,2507.0,68972.0,18313.0,418607.0,0.043747
2020-06-09,133489,2486245.0,2170.0,55055.0,18179.0,414654.0,0.043841
2020-06-10,136191,2540798.0,2702.0,54553.0,18504.0,409504.0,0.045186
2020-06-11,139281,2597647.0,3090.0,56849.0,19474.0,414976.0,0.046928
2020-06-12,141983,2662258.0,2702.0,64611.0,19082.0,423795.0,0.045026
2020-06-13,145643,2724393.0,3660.0,62135.0,19627.0,416093.0,0.04717
2020-06-14,148855,2801996.0,3212.0,77603.0,20043.0,439778.0,0.045575
2020-06-15,151452,2868182.0,2597.0,66186.0,20133.0,436992.0,0.046072
2020-06-16,153560,2937755.0,2108.0,69573.0,20071.0,451510.0,0.044453
2020-06-17,157015,2997988.0,3455.0,60233.0,20824.0,457190.0,0.045548
2020-06-18,161099,3074530.0,4084.0,76542.0,21818.0,476883.0,0.045751
2020-06-19,165416,3155702.0,4317.0,81172.0,23433.0,493444.0,0.047489
2020-06-20,169309,3234412.0,3893.0,78710.0,23666.0,510019.0,0.046402
2020-06-21,173824,3319256.0,4515.0,84844.0,24969.0,517260.0,0.048272
2020-06-22,178054,3411686.0,4230.0,92430.0,26602.0,543504.0,0.048945
2020-06-23,183073,3496929.0,5019.0,85243.0,29513.0,559174.0,0.05278
2020-06-24,190222,3592899.0,7149.0,95970.0,33207.0,594911.0,0.055818
2020-06-25,195571,3694345.0,5349.0,101446.0,34472.0,619815.0,0.055617
2020-06-26,200461,3771314.0,4890.0,76969.0,35045.0,615612.0,0.056927
2020-06-27,206433,3862310.0,5972.0,90996.0,37124.0,627898.0,0.059124
2020-06-28,211243,3955952.0,4810.0,93642.0,37419.0,636696.0,0.058771
2020-06-29,216550,4061692.0,5307.0,105740.0,38496.0,650006.0,0.059224
2020-06-30,222917,4167139.0,6367.0,105447.0,39844.0,670210.0,0.05945
2020-07-01,232657,4254176.0,9740.0,87037.0,42435.0,661277.0,0.064171
2020-07-02,240195,4338718.0,7538.0,84542.0,44624.0,644373.0,0.069252
2020-07-03,248235,4448176.0,8040.0,109458.0,47774.0,676862.0,0.070582
2020-07-04,254745,4553031.0,6510.0,104855.0,48312.0,690721.0,0.069944
2020-07-05,260155,4680138.0,5410.0,127107.0,48912.0,724186.0,0.067541
2020-07-06,271684,4793353.0,11529.0,113215.0,55134.0,731661.0,0.075355
2020-07-07,277774,4896370.0,6090.0,103017.0,54857.0,729231.0,0.075226
2020-07-08,289468,4996175.0,11694.0,99805.0,56811.0,741999.0,0.076565
2020-07-09,296499,5078434.0,7031.0,82259.0,56304.0,739716.0,0.076116
2020-07-10,304297,5175737.0,7798.0,97303.0,56062.0,727561.0,0.077055
2020-07-11,312344,5275695.0,8047.0,99958.0,57599.0,722664.0,0.079704
2020-07-12,320804,5406599.0,8460.0,130904.0,60649.0,726461.0,0.083486
2020-07-13,329162,5544365.0,8358.0,137766.0,57478.0,751012.0,0.076534
2020-07-14,336508,5674955.0,7346.0,130590.0,58734.0,778585.0,0.075437
2020-07-15,347634,5793276.0,11126.0,118321.0,58166.0,797101.0,0.072972
2020-07-16,356178,5915508.0,8544.0,122232.0,59679.0,837074.0,0.071295
2020-07-17,366164,6044099.0,9986.0,128591.0,61867.0,868362.0,0.071246
2020-07-18,375363,6167218.0,9199.0,123119.0,63019.0,891523.0,0.070687
2020-07-19,384682,6286852.0,9319.0,119634.0,63878.0,880253.0,0.072568
2020-07-20,391538,6414321.0,6856.0,127469.0,62376.0,869956.0,0.0717
2020-07-21,400769,6536932.0,9231.0,122611.0,64261.0,861977.0,0.074551
2020-07-22,413576,6664998.0,12807.0,128066.0,65942.0,871722.0,0.075646
2020-07-23,425616,6778304.0,12040.0,113306.0,69438.0,862796.0,0.08048
2020-07-24,435334,6915876.0,9718.0,137572.0,69170.0,871777.0,0.079344
2020-07-25,445400,7047355.0,10066.0,131479.0,70037.0,880137.0,0.079575
2020-07-26,453659,7168139.0,8259.0,120784.0,68977.0,881287.0,0.078268
2020-07-27,460550,7296578.0,6891.0,128439.0,69012.0,882257.0,0.078222
2020-07-28,466550,7417866.0,6000.0,121288.0,65781.0,880934.0,0.074672
2020-07-29,475305,7517466.0,8755.0,99600.0,61729.0,852468.0,0.072412
2020-07-30,485502,7633840.0,10197.0,116374.0,59886.0,855536.0,0.069998
2020-07-31,493588,7811041.0,8086.0,177201.0,58254.0,895165.0,0.065076
2020-08-01,500130,7886587.0,6542.0,75546.0,54730.0,839232.0,0.065214
2020-08-02,509162,8035975.0,9032.0,149388.0,55503.0,867836.0,0.063956
2020-08-03,514901,8184696.0,5739.0,148721.0,54351.0,888118.0,0.061198
2020-08-04,519427,8305713.0,4526.0,121017.0,52877.0,887847.0,0.059556
2020-08-05,524722,8409400.0,5295.0,103687.0,49417.0,891934.0,0.055404
2020-08-06,529980,8500463.0,5258.0,91063.0,44478.0,866623.0,0.051323
2020-08-07,538416,8596882.0,8436.0,96419.0,44828.0,785841.0,0.057045
2020-08-08,545787,8707527.0,7371.0,110645.0,45657.0,820940.0,0.055616
2020-08-09,554160,8826119.0,8373.0,118592.0,44998.0,790144.0,0.056949
2020-08-10,561911,8998353.0,7751.0,172234.0,47010.0,813657.0,0.057776
2020-08-11,574411,9186279.0,12500.0,187926.0,54984.0,880566.0,0.062442
2020-08-12,586056,9303467.0,11645.0,117188.0,61334.0,894067.0,0.068601
2020-08-13,593141,9445493.0,7085.0,142026.0,63161.0,945030.0,0.066835
2020-08-14,601075,9556598.0,7934.0,111105.0,62659.0,959716.0,0.065289
2020-08-15,613689,9681111.0,12614.0,124513.0,67902.0,973584.0,0.069744
2020-08-16,621562,9798135.0,7873.0,117024.0,67402.0,972016.0,0.069342
2020-08-17,628031,9933780.0,6469.0,135645.0,66120.0,935427.0,0.070684
2020-08-18,632667,10049039.0,4636.0,115259.0,58256.0,862760.0,0.067523
2020-08-19,638831,10140683.0,6164.0,91644.0,52775.0,837216.0,0.063036
2020-08-20,644751,10227966.0,5920.0,87283.0,51610.0,782473.0,0.065958
2020-08-21,650336,10329372.0,5585.0,101406.0,49261.0,772774.0,0.063746
2020-08-22,656892,10436352.0,6556.0,106980.0,43203.0,755241.0,0.057204
2020-08-23,663669,10541031.0,6777.0,104679.0,42107.0,742896.0,0.05668
2020-08-24,668615,10652487.0,4946.0,111456.0,40584.0,718707.0,0.056468
2020-08-25,673095,10762506.0,4480.0,110019.0,40428.0,713467.0,0.056664
2020-08-26,679099,10832757.0,6004.0,70251.0,40268.0,692074.0,0.058185
2020-08-27,683529,10918415.0,4430.0,85658.0,38778.0,690449.0,0.056163
2020-08-28,688858,11010637.0,5329.0,92222.0,38522.0,681265.0,0.056545
2020-08-29,693839,11109630.0,4981.0,98993.0,36947.0,673278.0,0.054876
2020-08-30,699909,11231829.0,6070.0,122199.0,36240.0,690798.0,0.052461
2020-08-31,704085,11373305.0,4176.0,141476.0,35470.0,720818.0,0.049208
2020-09-01,707797,11470696.0,3712.0,97391.0,34702.0,708190.0,0.049001
2020-09-02,712052,11580370.0,4255.0,109674.0,32953.0,747613.0,0.044078
2020-09-03,717777,11663924.0,5725.0,83554.0,34248.0,745509.0,0.045939
2020-09-04,722283,11796970.0,4506.0,133046.0,33425.0,786333.0,0.042507
2020-09-05,727239,11916323.0,4956.0,119353.0,33400.0,806693.0,0.041404
2020-09-06,732144,12047191.0,4905.0,130868.0,32235.0,815362.0,0.039535
2020-09-07,735235,12158292.0,3091.0,111101.0,31150.0,784987.0,0.039682
2020-09-08,737911,12267948.0,2676.0,109656.0,30114.0,797252.0,0.037772
2020-09-09,739527,12343979.0,1616.0,76031.0,27475.0,763609.0,0.03598
2020-09-10,742865,12389991.0,3338.0,46012.0,25088.0,726067.0,0.034553
2020-09-11,746191,12451660.0,3326.0,61669.0,23908.0,654690.0,0.036518
2020-09-12,750298,12556967.0,4107.0,105307.0,23059.0,640644.0,0.035993
2020-09-13,754923,12690016.0,4625.0,133049.0,22779.0,642825.0,0.035436
2020-09-14,757778,12806189.0,2855.0,116173.0,22543.0,647897.0,0.034794
2020-09-15,760013,12928170.0,2235.0,121981.0,22102.0,660222.0,0.033477
2020-09-16,762963,13000522.0,2950.0,72352.0,23436.0,656543.0,0.035696
2020-09-17,766201,13080037.0,3238.0,79515.0,23336.0,690046.0,0.033818
